0000000000001100
0000000000100010
0000000000000011
0000000000100010
0000000000000100
0000000000011111
0000000000000110
0000000000100011
0000000000000111
0000000000100100
0000000000000100
0000000000011111
0000000000001111
0000000000100101
0000000000000001
0000000000011000
0000000000001000
0000000000100010
0000000000001011
0000000000001000
0000000000100011
0000000000001011
0000000000000000
0000000000000001
0000000000000000
0000000000000011
0000000000100010
0000000000001110
0000000000100100
0000000000000111
0000000000100010
0000000000000011
0000000000100100
0000000000000110
0000000000100011
0000000000000111
0000000000100100
0000000000001001